0 0 3b000000
0 0 57000000
0 0 73000000
0 0 8f000000
0 0 ab000000
0 0 c7000000
0 0 e3000000
0 0 ff000000
0 0 1b010000
0 0 37010000
0 0 53010000
0 0 6f010000
0 0 8b010000
0 0 a7010000
0 0 c3010000
0 0 df010000
0 0 fb010000
0 0 17020000
0 0 33020000
0 0 4f020000
0 0 6b020000
0 0 87020000
0 0 a3020000
0 0 bf020000
0 0 db020000
0 0 f7020000
0 0 13030000
0 0 2f030000
0 0 4b030000
0 0 67030000
0 0 83030000
0 0 9f030000
0 0 ba030000
0 0 d6030000
0 0 f2030000
0 0 e040000
0 0 2a040000
0 0 46040000
0 0 62040000
0 0 7e040000
0 0 9a040000
0 0 b6040000
0 0 d2040000
0 0 ee040000
0 0 a050000
0 0 26050000
0 0 42050000
0 0 5e050000
0 0 7a050000
0 0 96050000
0 0 b2050000
0 0 ce050000
0 0 ea050000
0 0 6060000
0 0 22060000
0 0 3e060000
0 0 5a060000
0 0 76060000
0 0 92060000
0 0 ae060000
0 0 ca060000
0 0 e6060000
0 0 2070000
0 0 1e070000
0 0 3a070000
0 0 55070000
0 0 71070000
0 0 8d070000
0 0 a9070000
0 0 c5070000
0 0 e1070000
0 0 fd070000
0 0 19080000
0 0 35080000
0 0 51080000
0 0 6d080000
0 0 89080000
0 0 a5080000
0 0 c1080000
0 0 dd080000
0 0 f9080000
0 0 15090000
0 0 31090000
0 0 4d090000
0 0 69090000
0 0 85090000
0 0 a1090000
0 0 bd090000
0 0 d9090000
0 0 f5090000
0 0 110a0000
0 0 2d0a0000
0 0 490a0000
0 0 650a0000
0 0 810a0000
0 0 9d0a0000
0 0 b90a0000
0 0 d40a0000
0 0 f00a0000
0 0 c0b0000
0 0 280b0000
0 0 440b0000
0 0 600b0000
0 0 7c0b0000
0 0 980b0000
0 0 b40b0000
0 0 d00b0000
0 0 ec0b0000
0 0 80c0000
0 0 240c0000
0 0 400c0000
0 0 5c0c0000
0 0 780c0000
0 0 940c0000
0 0 b00c0000
0 0 cc0c0000
0 0 e80c0000
0 0 40d0000
0 0 200d0000
0 0 3c0d0000
0 0 580d0000
0 0 740d0000
0 0 900d0000
0 0 ac0d0000
0 0 c80d0000
0 0 e40d0000
0 0 e0000
0 0 1c0e0000
0 0 380e0000
0 0 540e0000
0 0 6f0e0000
0 0 8b0e0000
0 0 a70e0000
0 0 c30e0000
0 0 df0e0000
0 0 fb0e0000
0 0 170f0000
0 0 330f0000
0 0 4f0f0000
0 0 6b0f0000
0 0 870f0000
0 0 a30f0000
0 0 bf0f0000
0 0 db0f0000
0 0 f70f0000
0 0 13100000
0 0 2f100000
0 0 4b100000
0 0 67100000
0 0 83100000
0 0 9f100000
0 0 bb100000
0 0 d7100000
0 0 f3100000
0 0 f110000
0 0 2b110000
0 0 47110000
0 0 63110000
0 0 7f110000
0 0 9b110000
0 0 b7110000
0 0 d3110000
0 0 ee110000
0 0 a120000
0 0 26120000
0 0 42120000
0 0 5e120000
0 0 7a120000
0 0 96120000
0 0 b2120000
0 0 ce120000
0 0 ea120000
0 0 6130000
0 0 22130000
0 0 3e130000
0 0 5a130000
0 0 76130000
0 0 92130000
0 0 ae130000
0 0 ca130000
0 0 e6130000
0 0 2140000
0 0 1e140000
0 0 3a140000
0 0 56140000
0 0 72140000
0 0 8e140000
0 0 aa140000
0 0 c6140000
0 0 e2140000
0 0 fe140000
0 0 1a150000
0 0 36150000
0 0 52150000
0 0 6e150000
0 0 89150000
0 0 a5150000
0 0 c1150000
0 0 dd150000
0 0 f9150000
0 0 15160000
0 0 31160000
0 0 4d160000
0 0 69160000
0 0 85160000
0 0 a1160000
0 0 bd160000
0 0 d9160000
0 0 f5160000
0 0 11170000
0 0 2d170000
0 0 49170000
0 0 65170000
0 0 81170000
0 0 9d170000
0 0 b9170000
0 0 d5170000
0 0 f1170000
0 0 d180000
0 0 29180000
0 0 45180000
0 0 61180000
0 0 7d180000
0 0 99180000
0 0 b5180000
0 0 d1180000
0 0 ed180000
0 0 8190000
0 0 24190000
0 0 40190000
0 0 5c190000
0 0 78190000
0 0 94190000
0 0 b0190000
0 0 cc190000
0 0 e8190000
0 0 41a0000
0 0 201a0000
0 0 3c1a0000
0 0 581a0000
0 0 741a0000
0 0 901a0000
0 0 ac1a0000
0 0 c81a0000
0 0 e41a0000
0 0 1b0000
0 0 1c1b0000
0 0 381b0000
0 0 541b0000
0 0 701b0000
0 0 8c1b0000
0 0 a81b0000
0 0 c41b0000
0 0 e01b0000
0 0 fc1b0000
0 0 181c0000
0 0 341c0000
0 0 501c0000
0 0 6c1c0000
0 0 881c0000
0 0 a31c0000
0 0 bf1c0000
0 0 db1c0000
0 0 f71c0000
0 0 131d0000
0 0 2f1d0000
0 0 4b1d0000
0 0 671d0000
0 0 831d0000
0 0 9f1d0000
0 0 bb1d0000
0 0 d71d0000
0 0 f31d0000
0 0 f1e0000
0 0 2b1e0000
0 0 471e0000
0 0 631e0000
0 0 7f1e0000
0 0 9b1e0000
0 0 b71e0000
0 0 d31e0000
0 0 ef1e0000
0 0 b1f0000
0 0 271f0000
0 0 431f0000
0 0 5f1f0000
0 0 7b1f0000
0 0 971f0000
0 0 b31f0000
0 0 cf1f0000
0 0 eb1f0000
0 0 7200000
0 0 22200000
0 0 3e200000
0 0 5a200000
0 0 76200000
0 0 92200000
0 0 ae200000
0 0 ca200000
0 0 e6200000
0 0 2210000
0 0 1e210000
0 0 3a210000
0 0 56210000
0 0 72210000
0 0 8e210000
0 0 aa210000
0 0 c6210000
0 0 e2210000
0 0 fe210000
0 0 1a220000
0 0 36220000
0 0 52220000
0 0 6e220000
0 0 8a220000
0 0 a6220000
0 0 c2220000
0 0 de220000
0 0 fa220000
0 0 16230000
0 0 32230000
0 0 4e230000
0 0 6a230000
0 0 86230000
0 0 a2230000
0 0 bd230000
0 0 d9230000
0 0 f5230000
0 0 11240000
0 0 2d240000
0 0 49240000
0 0 65240000
0 0 81240000
0 0 9d240000
0 0 b9240000
0 0 d5240000
0 0 f1240000
0 0 d250000
0 0 29250000
0 0 45250000
0 0 61250000
0 0 7d250000
0 0 99250000
0 0 b5250000
0 0 d1250000
0 0 ed250000
0 0 9260000
0 0 25260000
0 0 41260000
0 0 5d260000
0 0 79260000
0 0 95260000
0 0 b1260000
0 0 cd260000
0 0 e9260000
0 0 5270000
0 0 21270000
0 0 3c270000
0 0 58270000
0 0 74270000
0 0 90270000
0 0 ac270000
0 0 c8270000
0 0 e4270000
0 0 280000
0 0 1c280000
0 0 38280000
0 0 54280000
0 0 70280000
0 0 8c280000
0 0 a8280000
0 0 c4280000
0 0 e0280000
0 0 fc280000
0 0 18290000
0 0 34290000
0 0 50290000
0 0 6c290000
0 0 88290000
0 0 a4290000
0 0 c0290000
0 0 dc290000
0 0 f8290000
0 0 142a0000
0 0 302a0000
0 0 4c2a0000
0 0 682a0000
0 0 842a0000
0 0 a02a0000
0 0 bc2a0000
0 0 d72a0000
0 0 f32a0000
0 0 f2b0000
0 0 2b2b0000
0 0 472b0000
0 0 632b0000
0 0 7f2b0000
0 0 9b2b0000
0 0 b72b0000
0 0 d32b0000
0 0 ef2b0000
0 0 b2c0000
0 0 272c0000
0 0 432c0000
0 0 5f2c0000
0 0 7b2c0000
0 0 972c0000
0 0 b32c0000
0 0 cf2c0000
0 0 eb2c0000
0 0 72d0000
0 0 232d0000
0 0 3f2d0000
0 0 5b2d0000
0 0 772d0000
0 0 932d0000
0 0 af2d0000
0 0 cb2d0000
0 0 e72d0000
0 0 32e0000
0 0 1f2e0000
0 0 3b2e0000
0 0 562e0000
0 0 722e0000
0 0 8e2e0000
0 0 aa2e0000
0 0 c62e0000
0 0 e22e0000
0 0 fe2e0000
0 0 1a2f0000
0 0 362f0000
0 0 522f0000
0 0 6e2f0000
0 0 8a2f0000
0 0 a62f0000
0 0 c22f0000
0 0 de2f0000
0 0 fa2f0000
0 0 16300000
0 0 32300000
0 0 4e300000
0 0 6a300000
0 0 86300000
0 0 a2300000
0 0 be300000
0 0 da300000
0 0 f6300000
0 0 12310000
0 0 2e310000
0 0 4a310000
0 0 66310000
0 0 82310000
0 0 9e310000
0 0 ba310000
0 0 d6310000
0 0 f1310000
0 0 d320000
0 0 29320000
0 0 45320000
0 0 61320000
0 0 7d320000
0 0 99320000
0 0 b5320000
0 0 d1320000
0 0 ed320000
0 0 9330000
0 0 25330000
0 0 41330000
0 0 5d330000
0 0 79330000
0 0 95330000
0 0 b1330000
0 0 cd330000
0 0 e9330000
0 0 5340000
0 0 21340000
0 0 3d340000
0 0 59340000
0 0 75340000
0 0 91340000
0 0 ad340000
0 0 c9340000
0 0 e5340000
0 0 1350000
0 0 1d350000
0 0 39350000
0 0 55350000
0 0 71350000
0 0 8c350000
0 0 a8350000
0 0 c4350000
0 0 e0350000
0 0 fc350000
0 0 18360000
0 0 34360000
0 0 50360000
0 0 6c360000
0 0 88360000
0 0 a4360000
0 0 c0360000
0 0 dc360000
0 0 f8360000
0 0 14370000
0 0 30370000
0 0 4c370000
0 0 68370000
0 0 84370000
0 0 a0370000
0 0 bc370000
0 0 d8370000
0 0 f4370000
0 0 10380000
0 0 2c380000
0 0 48380000
0 0 64380000
0 0 80380000
0 0 9c380000
0 0 b8380000
0 0 d4380000
0 0 f0380000
0 0 b390000
0 0 27390000
0 0 43390000
0 0 5f390000
0 0 7b390000
0 0 97390000
0 0 b3390000
0 0 cf390000
0 0 eb390000
0 0 73a0000
0 0 233a0000
0 0 3f3a0000
0 0 5b3a0000
0 0 773a0000
0 0 933a0000
0 0 af3a0000
0 0 cb3a0000
0 0 e73a0000
0 0 33b0000
0 0 1f3b0000
0 0 3b3b0000
0 0 573b0000
0 0 733b0000
0 0 8f3b0000
0 0 ab3b0000
0 0 c73b0000
0 0 e33b0000
0 0 ff3b0000
0 0 1b3c0000
0 0 373c0000
0 0 533c0000
0 0 6f3c0000
0 0 8b3c0000
0 0 a63c0000
0 0 c23c0000
0 0 de3c0000
0 0 fa3c0000
0 0 163d0000
0 0 323d0000
0 0 4e3d0000
0 0 6a3d0000
0 0 863d0000
0 0 a23d0000
0 0 be3d0000
0 0 da3d0000
0 0 f63d0000
0 0 123e0000
0 0 2e3e0000
0 0 4a3e0000
0 0 663e0000
0 0 823e0000
0 0 9e3e0000
0 0 ba3e0000
0 0 d63e0000
0 0 f23e0000
0 0 e3f0000
0 0 2a3f0000
0 0 463f0000
0 0 623f0000
0 0 7e3f0000
0 0 9a3f0000
0 0 b63f0000
0 0 d23f0000
0 0 ee3f0000
0 0 a400000
0 0 25400000
0 0 41400000
0 0 5d400000
0 0 79400000
0 0 95400000
0 0 b1400000
0 0 cd400000
0 0 e9400000
0 0 5410000
0 0 21410000
0 0 3d410000
0 0 59410000
0 0 75410000
0 0 91410000
0 0 ad410000
0 0 c9410000
0 0 e5410000
0 0 1420000
0 0 1d420000
0 0 39420000
0 0 55420000
0 0 71420000
0 0 8d420000
0 0 a9420000
0 0 c5420000
0 0 e1420000
0 0 fd420000
0 0 19430000
0 0 35430000
0 0 51430000
0 0 6d430000
0 0 89430000
0 0 a5430000
0 0 c0430000
0 0 dc430000
0 0 f8430000
0 0 14440000
0 0 30440000
0 0 4c440000
0 0 68440000
0 0 84440000
0 0 a0440000
0 0 bc440000
0 0 d8440000
0 0 f4440000
0 0 10450000
0 0 2c450000
0 0 48450000
0 0 64450000
0 0 80450000
0 0 9c450000
0 0 b8450000
0 0 d4450000
0 0 f0450000
0 0 c460000
0 0 28460000
0 0 44460000
0 0 60460000
0 0 7c460000
0 0 98460000
0 0 b4460000
0 0 d0460000
0 0 ec460000
0 0 8470000
0 0 24470000
0 0 3f470000
0 0 5b470000
0 0 77470000
0 0 93470000
0 0 af470000
0 0 cb470000
0 0 e7470000
0 0 3480000
0 0 1f480000
0 0 3b480000
0 0 57480000
0 0 73480000
0 0 8f480000
0 0 ab480000
0 0 c7480000
0 0 e3480000
0 0 ff480000
0 0 1b490000
0 0 37490000
0 0 53490000
0 0 6f490000
0 0 8b490000
0 0 a7490000
0 0 c3490000
0 0 df490000
0 0 fb490000
0 0 174a0000
0 0 334a0000
0 0 4f4a0000
0 0 6b4a0000
0 0 874a0000
0 0 a34a0000
0 0 bf4a0000
0 0 da4a0000
0 0 f64a0000
0 0 124b0000
0 0 2e4b0000
0 0 4a4b0000
0 0 664b0000
0 0 824b0000
0 0 9e4b0000
0 0 ba4b0000
0 0 d64b0000
0 0 f24b0000
0 0 e4c0000
0 0 2a4c0000
0 0 464c0000
0 0 624c0000
0 0 7e4c0000
0 0 9a4c0000
0 0 b64c0000
0 0 d24c0000
0 0 ee4c0000
0 0 a4d0000
0 0 264d0000
0 0 424d0000
0 0 5e4d0000
0 0 7a4d0000
0 0 964d0000
0 0 b24d0000
0 0 ce4d0000
0 0 ea4d0000
0 0 64e0000
0 0 224e0000
0 0 3e4e0000
0 0 594e0000
0 0 754e0000
0 0 914e0000
0 0 ad4e0000
0 0 c94e0000
0 0 e54e0000
0 0 14f0000
0 0 1d4f0000
0 0 394f0000
0 0 554f0000
0 0 714f0000
0 0 8d4f0000
0 0 a94f0000
0 0 c54f0000
0 0 e14f0000
0 0 fd4f0000
0 0 19500000
0 0 35500000
0 0 51500000
0 0 6d500000
0 0 89500000
0 0 a5500000
0 0 c1500000
0 0 dd500000
0 0 f9500000
0 0 15510000
0 0 31510000
0 0 4d510000
0 0 69510000
0 0 85510000
0 0 a1510000
0 0 bd510000
0 0 d9510000
0 0 f4510000
0 0 10520000
0 0 2c520000
0 0 48520000
0 0 64520000
0 0 80520000
0 0 9c520000
0 0 b8520000
0 0 d4520000
0 0 f0520000
0 0 c530000
0 0 28530000
0 0 44530000
0 0 60530000
0 0 7c530000
0 0 98530000
0 0 b4530000
0 0 d0530000
0 0 ec530000
0 0 8540000
0 0 24540000
0 0 40540000
0 0 5c540000
0 0 78540000
0 0 94540000
0 0 b0540000
0 0 cc540000
0 0 e8540000
0 0 4550000
0 0 20550000
0 0 3c550000
0 0 58550000
0 0 73550000
0 0 8f550000
0 0 ab550000
0 0 c7550000
0 0 e3550000
0 0 ff550000
0 0 1b560000
0 0 37560000
0 0 53560000
0 0 6f560000
0 0 8b560000
0 0 a7560000
0 0 c3560000
0 0 df560000
0 0 fb560000
0 0 17570000
0 0 33570000
0 0 4f570000
0 0 6b570000
0 0 87570000
0 0 a3570000
0 0 bf570000
0 0 db570000
0 0 f7570000
0 0 13580000
0 0 2f580000
0 0 4b580000
0 0 67580000
0 0 83580000
0 0 9f580000
0 0 bb580000
0 0 d7580000
0 0 f3580000
0 0 e590000
0 0 2a590000
0 0 46590000
0 0 62590000
0 0 7e590000
0 0 9a590000
0 0 b6590000
0 0 d2590000
0 0 ee590000
0 0 a5a0000
0 0 265a0000
0 0 425a0000
0 0 5e5a0000
0 0 7a5a0000
0 0 965a0000
0 0 b25a0000
0 0 ce5a0000
0 0 ea5a0000
0 0 65b0000
0 0 225b0000
0 0 3e5b0000
0 0 5a5b0000
0 0 765b0000
0 0 925b0000
0 0 ae5b0000
0 0 ca5b0000
0 0 e65b0000
0 0 25c0000
0 0 1e5c0000
0 0 3a5c0000
0 0 565c0000
0 0 725c0000
0 0 8d5c0000
0 0 a95c0000
0 0 c55c0000
0 0 e15c0000
0 0 fd5c0000
0 0 195d0000
0 0 355d0000
0 0 515d0000
0 0 6d5d0000
0 0 895d0000
0 0 a55d0000
0 0 c15d0000
0 0 dd5d0000
0 0 f95d0000
0 0 155e0000
0 0 315e0000
0 0 4d5e0000
0 0 695e0000
0 0 855e0000
0 0 a15e0000
0 0 bd5e0000
0 0 d95e0000
0 0 f55e0000
0 0 115f0000
0 0 2d5f0000
0 0 495f0000
0 0 655f0000
0 0 815f0000
0 0 9d5f0000
0 0 b95f0000
0 0 d55f0000
0 0 f15f0000
0 0 d600000
0 0 28600000
0 0 44600000
0 0 60600000
0 0 7c600000
0 0 98600000
0 0 b4600000
0 0 d0600000
0 0 ec600000
0 0 8610000
0 0 24610000
0 0 40610000
0 0 5c610000
0 0 78610000
0 0 94610000
0 0 b0610000
0 0 cc610000
0 0 e8610000
0 0 4620000
0 0 20620000
0 0 3c620000
0 0 58620000
0 0 74620000
0 0 90620000
0 0 ac620000
0 0 c8620000
0 0 e4620000
0 0 630000
0 0 1c630000
0 0 38630000
0 0 54630000
0 0 70630000
0 0 8c630000
0 0 a7630000
0 0 c3630000
0 0 df630000
0 0 fb630000
0 0 17640000
0 0 33640000
0 0 4f640000
0 0 6b640000
0 0 87640000
0 0 a3640000
0 0 bf640000
0 0 db640000
0 0 f7640000
0 0 13650000
0 0 2f650000
0 0 4b650000
0 0 67650000
0 0 83650000
0 0 9f650000
0 0 bb650000
0 0 d7650000
0 0 f3650000
0 0 f660000
0 0 2b660000
0 0 47660000
0 0 63660000
0 0 7f660000
0 0 9b660000
0 0 b7660000
0 0 d3660000
0 0 ef660000
0 0 b670000
0 0 27670000
0 0 42670000
0 0 5e670000
0 0 7a670000
0 0 96670000
0 0 b2670000
0 0 ce670000
0 0 ea670000
0 0 6680000
0 0 22680000
0 0 3e680000
0 0 5a680000
0 0 76680000
0 0 92680000
0 0 ae680000
0 0 ca680000
0 0 e6680000
0 0 2690000
0 0 1e690000
0 0 3a690000
0 0 56690000
0 0 72690000
0 0 8e690000
0 0 aa690000
0 0 c6690000
0 0 e2690000
0 0 fe690000
0 0 1a6a0000
0 0 366a0000
0 0 526a0000
0 0 6e6a0000
0 0 8a6a0000
0 0 a66a0000
0 0 c26a0000
0 0 dd6a0000
0 0 f96a0000
0 0 156b0000
0 0 316b0000
0 0 4d6b0000
0 0 696b0000
0 0 856b0000
0 0 a16b0000
0 0 bd6b0000
0 0 d96b0000
0 0 f56b0000
0 0 116c0000
0 0 2d6c0000
0 0 496c0000
0 0 656c0000
0 0 816c0000
0 0 9d6c0000
0 0 b96c0000
0 0 d56c0000
0 0 f16c0000
0 0 d6d0000
0 0 296d0000
0 0 456d0000
0 0 616d0000
0 0 7d6d0000
0 0 996d0000
0 0 b56d0000
0 0 d16d0000
0 0 ed6d0000
0 0 96e0000
0 0 256e0000
0 0 416e0000
0 0 5c6e0000
0 0 786e0000
0 0 946e0000
0 0 b06e0000
0 0 cc6e0000
0 0 e86e0000
0 0 46f0000
0 0 206f0000
0 0 3c6f0000
0 0 586f0000
0 0 746f0000
0 0 906f0000
0 0 ac6f0000
0 0 c86f0000
0 0 e46f0000
0 0 700000
0 0 1c700000
0 0 38700000
0 0 54700000
0 0 70700000
0 0 8c700000
0 0 a8700000
0 0 c4700000
0 0 e0700000
0 0 fc700000
0 0 18710000
0 0 34710000
0 0 50710000
0 0 6c710000
0 0 88710000
0 0 a4710000
0 0 c0710000
0 0 dc710000
0 0 f7710000
0 0 13720000
0 0 2f720000
0 0 4b720000
0 0 67720000
0 0 83720000
0 0 9f720000
0 0 bb720000
0 0 d7720000
0 0 f3720000
0 0 f730000
0 0 2b730000
0 0 47730000
0 0 63730000
0 0 7f730000
0 0 9b730000
0 0 b7730000
0 0 d3730000
0 0 ef730000
0 0 b740000
0 0 27740000
0 0 43740000
0 0 5f740000
0 0 7b740000
0 0 97740000
0 0 b3740000
0 0 cf740000
0 0 eb740000
0 0 7750000
0 0 23750000
0 0 3f750000
0 0 5b750000
0 0 76750000
0 0 92750000
0 0 ae750000
0 0 ca750000
0 0 e6750000
0 0 2760000
0 0 1e760000
0 0 3a760000
0 0 56760000
0 0 72760000
0 0 8e760000
0 0 aa760000
0 0 c6760000
0 0 e2760000
0 0 fe760000
0 0 1a770000
0 0 36770000
0 0 52770000
0 0 6e770000
0 0 8a770000
0 0 a6770000
0 0 c2770000
0 0 de770000
0 0 fa770000
0 0 16780000
0 0 32780000
0 0 4e780000
0 0 6a780000
0 0 86780000
0 0 a2780000
0 0 be780000
0 0 da780000
0 0 f6780000
0 0 11790000
0 0 2d790000
0 0 49790000
0 0 65790000
0 0 81790000
0 0 9d790000
0 0 b9790000
0 0 d5790000
0 0 f1790000
0 0 d7a0000
0 0 297a0000
0 0 457a0000
0 0 617a0000
0 0 7d7a0000
0 0 997a0000
0 0 b57a0000
0 0 d17a0000
0 0 ed7a0000
0 0 97b0000
0 0 257b0000
0 0 417b0000
0 0 5d7b0000
0 0 797b0000
0 0 957b0000
0 0 b17b0000
0 0 cd7b0000
0 0 e97b0000
0 0 57c0000
0 0 217c0000
0 0 3d7c0000
0 0 597c0000
0 0 757c0000
0 0 907c0000
0 0 ac7c0000
0 0 c87c0000
0 0 e47c0000
0 0 7d0000
0 0 1c7d0000
0 0 387d0000
0 0 547d0000
0 0 707d0000
0 0 8c7d0000
0 0 a87d0000
0 0 c47d0000
0 0 e07d0000
0 0 fc7d0000
0 0 187e0000
0 0 347e0000
0 0 507e0000
0 0 6c7e0000
0 0 887e0000
0 0 a47e0000
0 0 c07e0000
0 0 dc7e0000
0 0 f87e0000
0 0 147f0000
0 0 307f0000
0 0 4c7f0000
0 0 687f0000
0 0 847f0000
0 0 a07f0000
0 0 bc7f0000
0 0 d87f0000
0 0 f47f0000
0 0 10800000
0 0 2b800000
0 0 47800000
0 0 63800000
0 0 7f800000
0 0 9b800000
0 0 b7800000
0 0 d3800000
0 0 ef800000
0 0 b810000
0 0 27810000
0 0 43810000
0 0 5f810000
0 0 7b810000
0 0 97810000
0 0 b3810000
0 0 cf810000
0 0 eb810000
0 0 7820000
0 0 23820000
0 0 3f820000
0 0 5b820000
0 0 77820000
0 0 93820000
0 0 af820000
0 0 cb820000
0 0 e7820000
0 0 3830000
0 0 1f830000
0 0 3b830000
0 0 57830000
0 0 73830000
0 0 8f830000
0 0 aa830000
0 0 c6830000
0 0 e2830000
0 0 fe830000
0 0 1a840000
0 0 36840000
0 0 52840000
0 0 6e840000
0 0 8a840000
0 0 a6840000
0 0 c2840000
0 0 de840000
0 0 fa840000
0 0 16850000
0 0 32850000
0 0 4e850000
0 0 6a850000
0 0 86850000
0 0 a2850000
0 0 be850000
0 0 da850000
0 0 f6850000
0 0 12860000
0 0 2e860000
0 0 4a860000
0 0 66860000
0 0 82860000
0 0 9e860000
0 0 ba860000
0 0 d6860000
0 0 f2860000
0 0 e870000
0 0 2a870000
0 0 45870000
0 0 61870000
0 0 7d870000
0 0 99870000
0 0 b5870000
0 0 d1870000
0 0 ed870000
0 0 9880000
0 0 25880000
0 0 41880000
0 0 5d880000
0 0 79880000
0 0 95880000
0 0 b1880000
0 0 cd880000
0 0 e9880000
0 0 5890000
0 0 21890000
0 0 3d890000
0 0 59890000
0 0 75890000
0 0 91890000
0 0 ad890000
0 0 c9890000
0 0 e5890000
0 0 18a0000
0 0 1d8a0000
0 0 398a0000
0 0 558a0000
0 0 718a0000
0 0 8d8a0000
0 0 a98a0000
0 0 c48a0000
0 0 e08a0000
0 0 fc8a0000
0 0 188b0000
0 0 348b0000
0 0 508b0000
0 0 6c8b0000
0 0 888b0000
0 0 a48b0000
0 0 c08b0000
0 0 dc8b0000
0 0 f88b0000
0 0 148c0000
0 0 308c0000
0 0 4c8c0000
0 0 688c0000
0 0 848c0000
0 0 a08c0000
0 0 bc8c0000
0 0 d88c0000
0 0 f48c0000
0 0 108d0000
0 0 2c8d0000
0 0 488d0000
0 0 648d0000
0 0 808d0000
0 0 9c8d0000
0 0 b88d0000
0 0 d48d0000
0 0 f08d0000
0 0 c8e0000
0 0 288e0000
0 0 448e0000
0 0 5f8e0000
0 0 7b8e0000
0 0 978e0000
0 0 b38e0000
0 0 cf8e0000
0 0 eb8e0000
0 0 78f0000
0 0 238f0000
0 0 3f8f0000
0 0 5b8f0000
0 0 778f0000
0 0 938f0000
0 0 af8f0000
0 0 cb8f0000
0 0 e78f0000
0 0 3900000
0 0 1f900000
0 0 3b900000
0 0 57900000
0 0 73900000
0 0 8f900000
0 0 ab900000
0 0 c7900000
0 0 e3900000
0 0 ff900000
0 0 1b910000
0 0 37910000
0 0 53910000
0 0 6f910000
0 0 8b910000
0 0 a7910000
0 0 c3910000
0 0 de910000
0 0 fa910000
0 0 16920000
0 0 32920000
0 0 4e920000
0 0 6a920000
0 0 86920000
0 0 a2920000
0 0 be920000
0 0 da920000
0 0 f6920000
0 0 12930000
0 0 2e930000
0 0 4a930000
0 0 66930000
0 0 82930000
0 0 9e930000
0 0 ba930000
0 0 d6930000
0 0 f2930000
0 0 e940000
0 0 2a940000
0 0 46940000
0 0 62940000
0 0 7e940000
0 0 9a940000
0 0 b6940000
0 0 d2940000
0 0 ee940000
0 0 a950000
0 0 26950000
0 0 42950000
0 0 5e950000
0 0 79950000
0 0 95950000
0 0 b1950000
0 0 cd950000
0 0 e9950000
0 0 5960000
0 0 21960000
0 0 3d960000
0 0 59960000
0 0 75960000
0 0 91960000
0 0 ad960000
0 0 c9960000
0 0 e5960000
0 0 1970000
0 0 1d970000
0 0 39970000
0 0 55970000
0 0 71970000
0 0 8d970000
0 0 a9970000
0 0 c5970000
0 0 e1970000
0 0 fd970000
0 0 19980000
0 0 35980000
0 0 51980000
0 0 6d980000
0 0 89980000
0 0 a5980000
0 0 c1980000
0 0 dd980000
0 0 f8980000
0 0 14990000
0 0 30990000
0 0 4c990000
0 0 68990000
0 0 84990000
0 0 a0990000
0 0 bc990000
0 0 d8990000
0 0 f4990000
0 0 109a0000
0 0 2c9a0000
0 0 489a0000
0 0 649a0000
0 0 809a0000
0 0 9c9a0000
0 0 b89a0000
0 0 d49a0000
0 0 f09a0000
0 0 c9b0000
0 0 289b0000
0 0 449b0000
0 0 609b0000
0 0 7c9b0000
0 0 989b0000
0 0 b49b0000
0 0 d09b0000
0 0 ec9b0000
0 0 89c0000
0 0 249c0000
0 0 409c0000
0 0 5c9c0000
0 0 789c0000
0 0 939c0000
0 0 af9c0000
0 0 cb9c0000
0 0 e79c0000
0 0 39d0000
0 0 1f9d0000
0 0 3b9d0000
0 0 579d0000
0 0 739d0000
0 0 8f9d0000
0 0 ab9d0000
0 0 c79d0000
0 0 e39d0000
0 0 ff9d0000
0 0 1b9e0000
0 0 379e0000
0 0 539e0000
0 0 6f9e0000
0 0 8b9e0000
0 0 a79e0000
0 0 c39e0000
0 0 df9e0000
0 0 fb9e0000
0 0 179f0000
0 0 339f0000
0 0 4f9f0000
0 0 6b9f0000
0 0 879f0000
0 0 a39f0000
0 0 bf9f0000
0 0 db9f0000
0 0 f79f0000
0 0 13a00000
0 0 2ea00000
0 0 4aa00000
0 0 66a00000
0 0 82a00000
0 0 9ea00000
0 0 baa00000
0 0 d6a00000
0 0 f2a00000
0 0 ea10000
0 0 2aa10000
0 0 46a10000
0 0 62a10000
0 0 7ea10000
0 0 9aa10000
0 0 b6a10000
0 0 d2a10000
0 0 eea10000
0 0 aa20000
0 0 26a20000
0 0 42a20000
0 0 5ea20000
0 0 7aa20000
0 0 96a20000
0 0 b2a20000
0 0 cea20000
0 0 eaa20000
0 0 6a30000
0 0 22a30000
0 0 3ea30000
0 0 5aa30000
0 0 76a30000
0 0 92a30000
0 0 ada30000
0 0 c9a30000
0 0 e5a30000
0 0 1a40000
0 0 1da40000
0 0 39a40000
0 0 55a40000
0 0 71a40000
0 0 8da40000
0 0 a9a40000
0 0 c5a40000
0 0 e1a40000
0 0 fda40000
0 0 19a50000
0 0 35a50000
0 0 51a50000
0 0 6da50000
0 0 89a50000
0 0 a5a50000
0 0 c1a50000
0 0 dda50000
0 0 f9a50000
0 0 15a60000
0 0 31a60000
0 0 4da60000
0 0 69a60000
0 0 85a60000
0 0 a1a60000
0 0 bda60000
0 0 d9a60000
0 0 f5a60000
0 0 11a70000
0 0 2da70000
0 0 48a70000
0 0 64a70000
0 0 80a70000
0 0 9ca70000
0 0 b8a70000
0 0 d4a70000
0 0 f0a70000
0 0 ca80000
0 0 28a80000
0 0 44a80000
0 0 60a80000
0 0 7ca80000
0 0 98a80000
0 0 b4a80000
0 0 d0a80000
0 0 eca80000
0 0 8a90000
0 0 24a90000
0 0 40a90000
0 0 5ca90000
0 0 78a90000
0 0 94a90000
0 0 b0a90000
0 0 cca90000
0 0 e8a90000
0 0 4aa0000
0 0 20aa0000
0 0 3caa0000
0 0 58aa0000
0 0 74aa0000
0 0 90aa0000
0 0 acaa0000
0 0 c7aa0000
0 0 e3aa0000
0 0 ffaa0000
0 0 1bab0000
0 0 37ab0000
0 0 53ab0000
0 0 6fab0000
0 0 8bab0000
0 0 a7ab0000
0 0 c3ab0000
0 0 dfab0000
0 0 fbab0000
0 0 17ac0000
0 0 33ac0000
0 0 4fac0000
0 0 6bac0000
0 0 87ac0000
0 0 a3ac0000
0 0 bfac0000
0 0 dbac0000
0 0 f7ac0000
0 0 13ad0000
0 0 2fad0000
0 0 4bad0000
0 0 67ad0000
0 0 83ad0000
0 0 9fad0000
0 0 bbad0000
0 0 d7ad0000
0 0 f3ad0000
0 0 fae0000
0 0 2bae0000
0 0 47ae0000
0 0 62ae0000
0 0 7eae0000
0 0 9aae0000
0 0 b6ae0000
0 0 d2ae0000
0 0 eeae0000
0 0 aaf0000
0 0 26af0000
0 0 42af0000
0 0 5eaf0000
0 0 7aaf0000
0 0 96af0000
0 0 b2af0000
0 0 ceaf0000
0 0 eaaf0000
0 0 6b00000
0 0 22b00000
0 0 3eb00000
0 0 5ab00000
0 0 76b00000
0 0 92b00000
0 0 aeb00000
0 0 cab00000
0 0 e6b00000
0 0 2b10000
0 0 1eb10000
0 0 3ab10000
0 0 56b10000
0 0 72b10000
0 0 8eb10000
0 0 aab10000
0 0 c6b10000
0 0 e1b10000
0 0 fdb10000
0 0 19b20000
0 0 35b20000
0 0 51b20000
0 0 6db20000
0 0 89b20000
0 0 a5b20000
0 0 c1b20000
0 0 ddb20000
0 0 f9b20000
0 0 15b30000
0 0 31b30000
0 0 4db30000
0 0 69b30000
0 0 85b30000
0 0 a1b30000
0 0 bdb30000
0 0 d9b30000
0 0 f5b30000
0 0 11b40000
0 0 2db40000
0 0 49b40000
0 0 65b40000
0 0 81b40000
0 0 9db40000
0 0 b9b40000
0 0 d5b40000
0 0 f1b40000
0 0 db50000
0 0 29b50000
0 0 45b50000
0 0 61b50000
0 0 7cb50000
0 0 98b50000
0 0 b4b50000
0 0 d0b50000
0 0 ecb50000
0 0 8b60000
0 0 24b60000
0 0 40b60000
0 0 5cb60000
0 0 78b60000
0 0 94b60000
0 0 b0b60000
0 0 ccb60000
0 0 e8b60000
0 0 4b70000
0 0 20b70000
0 0 3cb70000
0 0 58b70000
0 0 74b70000
0 0 90b70000
0 0 acb70000
0 0 c8b70000
0 0 e4b70000
0 0 b80000
0 0 1cb80000
0 0 38b80000
0 0 54b80000
0 0 70b80000
0 0 8cb80000
0 0 a8b80000
0 0 c4b80000
0 0 e0b80000
0 0 fbb80000
0 0 17b90000
0 0 33b90000
0 0 4fb90000
0 0 6bb90000
0 0 87b90000
0 0 a3b90000
0 0 bfb90000
0 0 dbb90000
0 0 f7b90000
0 0 13ba0000
0 0 2fba0000
0 0 4bba0000
0 0 67ba0000
0 0 83ba0000
0 0 9fba0000
0 0 bbba0000
0 0 d7ba0000
0 0 f3ba0000
0 0 fbb0000
0 0 2bbb0000
0 0 47bb0000
0 0 63bb0000
0 0 7fbb0000
0 0 9bbb0000
0 0 b7bb0000
0 0 d3bb0000
0 0 efbb0000
0 0 bbc0000
0 0 27bc0000
0 0 43bc0000
0 0 5fbc0000
0 0 7bbc0000
0 0 96bc0000
0 0 b2bc0000
0 0 cebc0000
0 0 eabc0000
0 0 6bd0000
0 0 22bd0000
0 0 3ebd0000
0 0 5abd0000
0 0 76bd0000
0 0 92bd0000
0 0 aebd0000
0 0 cabd0000
0 0 e6bd0000
0 0 2be0000
0 0 1ebe0000
0 0 3abe0000
0 0 56be0000
0 0 72be0000
0 0 8ebe0000
0 0 aabe0000
0 0 c6be0000
0 0 e2be0000
0 0 febe0000
0 0 1abf0000
0 0 36bf0000
0 0 52bf0000
0 0 6ebf0000
0 0 8abf0000
0 0 a6bf0000
0 0 c2bf0000
0 0 debf0000
0 0 fabf0000
0 0 15c00000
0 0 31c00000
0 0 4dc00000
0 0 69c00000
0 0 85c00000
0 0 a1c00000
0 0 bdc00000
0 0 d9c00000
0 0 f5c00000
0 0 11c10000
0 0 2dc10000
0 0 49c10000
0 0 65c10000
0 0 81c10000
0 0 9dc10000
0 0 b9c10000
0 0 d5c10000
0 0 f1c10000
0 0 dc20000
0 0 29c20000
0 0 45c20000
0 0 61c20000
0 0 7dc20000
0 0 99c20000
0 0 b5c20000
0 0 d1c20000
0 0 edc20000
0 0 9c30000
0 0 25c30000
0 0 41c30000
0 0 5dc30000
0 0 79c30000
0 0 95c30000
0 0 b0c30000
0 0 ccc30000
0 0 e8c30000
0 0 4c40000
0 0 20c40000
0 0 3cc40000
0 0 58c40000
0 0 74c40000
0 0 90c40000
0 0 acc40000
0 0 c8c40000
0 0 e4c40000
0 0 c50000
0 0 1cc50000
0 0 38c50000
0 0 54c50000
0 0 70c50000
0 0 8cc50000
0 0 a8c50000
0 0 c4c50000
0 0 e0c50000
0 0 fcc50000
0 0 18c60000
0 0 34c60000
0 0 50c60000
0 0 6cc60000
0 0 88c60000
0 0 a4c60000
0 0 c0c60000
0 0 dcc60000
0 0 f8c60000
0 0 14c70000
0 0 2fc70000
0 0 4bc70000
0 0 67c70000
0 0 83c70000
0 0 9fc70000
0 0 bbc70000
0 0 d7c70000
0 0 f3c70000
0 0 fc80000
0 0 2bc80000
0 0 47c80000
0 0 63c80000
0 0 7fc80000
0 0 9bc80000
0 0 b7c80000
0 0 d3c80000
0 0 efc80000
0 0 bc90000
0 0 27c90000
0 0 43c90000
0 0 5fc90000
0 0 7bc90000
0 0 97c90000
0 0 b3c90000
0 0 cfc90000
0 0 ebc90000
0 0 7ca0000
0 0 23ca0000
0 0 3fca0000
0 0 5bca0000
0 0 77ca0000
0 0 93ca0000
0 0 afca0000
0 0 caca0000
0 0 e6ca0000
0 0 2cb0000
0 0 1ecb0000
0 0 3acb0000
0 0 56cb0000
0 0 72cb0000
0 0 8ecb0000
0 0 aacb0000
0 0 c6cb0000
0 0 e2cb0000
0 0 fecb0000
0 0 1acc0000
0 0 36cc0000
0 0 52cc0000
0 0 6ecc0000
0 0 8acc0000
0 0 a6cc0000
0 0 c2cc0000
0 0 decc0000
0 0 facc0000
0 0 16cd0000
0 0 32cd0000
0 0 4ecd0000
0 0 6acd0000
0 0 86cd0000
0 0 a2cd0000
0 0 becd0000
0 0 dacd0000
0 0 f6cd0000
0 0 12ce0000
0 0 2ece0000
0 0 49ce0000
0 0 65ce0000
0 0 81ce0000
0 0 9dce0000
0 0 b9ce0000
0 0 d5ce0000
0 0 f1ce0000
0 0 dcf0000
0 0 29cf0000
0 0 45cf0000
0 0 61cf0000
0 0 7dcf0000
0 0 99cf0000
0 0 b5cf0000
0 0 d1cf0000
0 0 edcf0000
0 0 9d00000
0 0 25d00000
0 0 41d00000
0 0 5dd00000
0 0 79d00000
0 0 95d00000
0 0 b1d00000
0 0 cdd00000
0 0 e9d00000
0 0 5d10000
0 0 21d10000
0 0 3dd10000
0 0 59d10000
0 0 75d10000
0 0 91d10000
0 0 add10000
0 0 c9d10000
0 0 e4d10000
0 0 d20000
0 0 1cd20000
0 0 38d20000
0 0 54d20000
0 0 70d20000
0 0 8cd20000
0 0 a8d20000
0 0 c4d20000
0 0 e0d20000
0 0 fcd20000
0 0 18d30000
0 0 34d30000
0 0 50d30000
0 0 6cd30000
0 0 88d30000
0 0 a4d30000
0 0 c0d30000
0 0 dcd30000
0 0 f8d30000
0 0 14d40000
0 0 30d40000
0 0 4cd40000
0 0 68d40000
0 0 84d40000
0 0 a0d40000
0 0 bcd40000
0 0 d8d40000
0 0 f4d40000
0 0 10d50000
0 0 2cd50000
0 0 48d50000
0 0 64d50000
0 0 7fd50000
0 0 9bd50000
0 0 b7d50000
0 0 d3d50000
0 0 efd50000
0 0 bd60000
0 0 27d60000
0 0 43d60000
0 0 5fd60000
0 0 7bd60000
0 0 97d60000
0 0 b3d60000
0 0 cfd60000
0 0 ebd60000
0 0 7d70000
0 0 23d70000
0 0 3fd70000
0 0 5bd70000
0 0 77d70000
0 0 93d70000
0 0 afd70000
0 0 cbd70000
0 0 e7d70000
0 0 3d80000
0 0 1fd80000
0 0 3bd80000
0 0 57d80000
0 0 73d80000
0 0 8fd80000
0 0 abd80000
0 0 c7d80000
0 0 e3d80000
0 0 fed80000
0 0 1ad90000
0 0 36d90000
0 0 52d90000
0 0 6ed90000
0 0 8ad90000
0 0 a6d90000
0 0 c2d90000
0 0 ded90000
0 0 fad90000
0 0 16da0000
0 0 32da0000
0 0 4eda0000
0 0 6ada0000
0 0 86da0000
0 0 a2da0000
0 0 beda0000
0 0 dada0000
0 0 f6da0000
0 0 12db0000
0 0 2edb0000
0 0 4adb0000
0 0 66db0000
0 0 82db0000
0 0 9edb0000
0 0 badb0000
0 0 d6db0000
0 0 f2db0000
0 0 edc0000
0 0 2adc0000
0 0 46dc0000
0 0 62dc0000
0 0 7edc0000
0 0 99dc0000
0 0 b5dc0000
0 0 d1dc0000
0 0 eddc0000
0 0 9dd0000
0 0 25dd0000
0 0 41dd0000
0 0 5ddd0000
0 0 79dd0000
0 0 95dd0000
0 0 b1dd0000
0 0 cddd0000
0 0 e9dd0000
0 0 5de0000
0 0 21de0000
0 0 3dde0000
0 0 59de0000
0 0 75de0000
0 0 91de0000
0 0 adde0000
0 0 c9de0000
0 0 e5de0000
0 0 1df0000
0 0 1ddf0000
0 0 39df0000
0 0 55df0000
0 0 71df0000
0 0 8ddf0000
0 0 a9df0000
0 0 c5df0000
0 0 e1df0000
0 0 fddf0000
0 0 18e00000
0 0 34e00000
0 0 50e00000
0 0 6ce00000
0 0 88e00000
0 0 a4e00000
0 0 c0e00000
0 0 dce00000
0 0 f8e00000
0 0 14e10000
0 0 30e10000
0 0 4ce10000
0 0 68e10000
0 0 84e10000
0 0 a0e10000
0 0 bce10000
0 0 d8e10000
0 0 f4e10000
0 0 10e20000
0 0 2ce20000
0 0 48e20000
0 0 64e20000
0 0 80e20000
0 0 9ce20000
0 0 b8e20000
0 0 d4e20000
0 0 f0e20000
0 0 ce30000
0 0 28e30000
0 0 44e30000
0 0 60e30000
0 0 7ce30000
0 0 98e30000
0 0 b3e30000
0 0 cfe30000
0 0 ebe30000
0 0 7e40000
0 0 23e40000
0 0 3fe40000
0 0 5be40000
0 0 77e40000
0 0 93e40000
0 0 afe40000
0 0 cbe40000
0 0 e7e40000
0 0 3e50000
0 0 1fe50000
0 0 3be50000
0 0 57e50000
0 0 73e50000
0 0 8fe50000
0 0 abe50000
0 0 c7e50000
0 0 e3e50000
0 0 ffe50000
0 0 1be60000
0 0 37e60000
0 0 53e60000
0 0 6fe60000
0 0 8be60000
0 0 a7e60000
0 0 c3e60000
0 0 dfe60000
0 0 fbe60000
0 0 17e70000
0 0 32e70000
0 0 4ee70000
0 0 6ae70000
0 0 86e70000
0 0 a2e70000
0 0 bee70000
0 0 dae70000
0 0 f6e70000
0 0 12e80000
0 0 2ee80000
0 0 4ae80000
0 0 66e80000
0 0 82e80000
0 0 9ee80000
0 0 bae80000
0 0 d6e80000
0 0 f2e80000
0 0 ee90000
0 0 2ae90000
0 0 46e90000
0 0 62e90000
0 0 7ee90000
0 0 9ae90000
0 0 b6e90000
0 0 d2e90000
0 0 eee90000
0 0 aea0000
0 0 26ea0000
0 0 42ea0000
0 0 5eea0000
0 0 7aea0000
0 0 96ea0000
0 0 b2ea0000
0 0 cdea0000
0 0 e9ea0000
0 0 5eb0000
0 0 21eb0000
0 0 3deb0000
0 0 59eb0000
0 0 75eb0000
0 0 91eb0000
0 0 adeb0000
0 0 c9eb0000
0 0 e5eb0000
0 0 1ec0000
0 0 1dec0000
0 0 39ec0000
0 0 55ec0000
0 0 71ec0000
0 0 8dec0000
0 0 a9ec0000
0 0 c5ec0000
0 0 e1ec0000
0 0 fdec0000
0 0 19ed0000
0 0 35ed0000
0 0 51ed0000
0 0 6ded0000
0 0 89ed0000
0 0 a5ed0000
0 0 c1ed0000
0 0 dded0000
0 0 f9ed0000
0 0 15ee0000
0 0 31ee0000
0 0 4cee0000
0 0 68ee0000
0 0 84ee0000
0 0 a0ee0000
0 0 bcee0000
0 0 d8ee0000
0 0 f4ee0000
0 0 10ef0000
0 0 2cef0000
0 0 48ef0000
0 0 64ef0000
0 0 80ef0000
0 0 9cef0000
0 0 b8ef0000
0 0 d4ef0000
0 0 f0ef0000
0 0 cf00000
0 0 28f00000
0 0 44f00000
0 0 60f00000
0 0 7cf00000
0 0 98f00000
0 0 b4f00000
0 0 d0f00000
0 0 ecf00000
0 0 8f10000
0 0 24f10000
0 0 40f10000
0 0 5cf10000
0 0 78f10000
0 0 94f10000
0 0 b0f10000
0 0 ccf10000
0 0 e7f10000
0 0 3f20000
0 0 1ff20000
0 0 3bf20000
0 0 57f20000
0 0 73f20000
0 0 8ff20000
0 0 abf20000
0 0 c7f20000
0 0 e3f20000
0 0 fff20000
0 0 1bf30000
0 0 37f30000
0 0 53f30000
0 0 6ff30000
0 0 8bf30000
0 0 a7f30000
0 0 c3f30000
0 0 dff30000
0 0 fbf30000
0 0 17f40000
0 0 33f40000
0 0 4ff40000
0 0 6bf40000
0 0 87f40000
0 0 a3f40000
0 0 bff40000
0 0 dbf40000
0 0 f7f40000
0 0 13f50000
0 0 2ff50000
0 0 4bf50000
0 0 66f50000
0 0 82f50000
0 0 9ef50000
0 0 baf50000
0 0 d6f50000
0 0 f2f50000
0 0 ef60000
0 0 2af60000
0 0 46f60000
0 0 62f60000
0 0 7ef60000
0 0 9af60000
0 0 b6f60000
0 0 d2f60000
0 0 eef60000
0 0 af70000
0 0 26f70000
0 0 42f70000
0 0 5ef70000
0 0 7af70000
0 0 96f70000
0 0 b2f70000
0 0 cef70000
0 0 eaf70000
0 0 6f80000
0 0 22f80000
0 0 3ef80000
0 0 5af80000
0 0 76f80000
0 0 92f80000
0 0 aef80000
0 0 caf80000
0 0 e6f80000
0 0 1f90000
0 0 1df90000
0 0 39f90000
0 0 55f90000
0 0 71f90000
0 0 8df90000
0 0 a9f90000
0 0 c5f90000
0 0 e1f90000
0 0 fdf90000
0 0 19fa0000
0 0 35fa0000
0 0 51fa0000
0 0 6dfa0000
0 0 89fa0000
0 0 a5fa0000
0 0 c1fa0000
0 0 ddfa0000
0 0 f9fa0000
0 0 15fb0000
0 0 31fb0000
0 0 4dfb0000
0 0 69fb0000
0 0 85fb0000
0 0 a1fb0000
0 0 bdfb0000
0 0 d9fb0000
0 0 f5fb0000
0 0 11fc0000
0 0 2dfc0000
0 0 49fc0000
0 0 65fc0000
0 0 80fc0000
0 0 9cfc0000
0 0 b8fc0000
0 0 d4fc0000
0 0 f0fc0000
0 0 cfd0000
0 0 28fd0000
0 0 44fd0000
0 0 60fd0000
0 0 7cfd0000
0 0 98fd0000
0 0 b4fd0000
0 0 d0fd0000
0 0 ecfd0000
0 0 8fe0000
0 0 24fe0000
0 0 40fe0000
0 0 5cfe0000
0 0 78fe0000
0 0 94fe0000
0 0 b0fe0000
0 0 ccfe0000
0 0 e8fe0000
0 0 4ff0000
0 0 20ff0000
0 0 3cff0000
0 0 58ff0000
0 0 74ff0000
0 0 90ff0000
0 0 acff0000
0 0 c8ff0000
0 0 e4ff0000
0 0 6aff0000
0 0 85ff0000
0 0 a1ff0000
0 0 bdff0000
0 0 d9ff0000
0 0 f5ff0000
0 0 7bff0000
0 0 97ff0000
0 0 b3ff0000
0 0 cfff0000
0 0 ebff0000
0 0 71ff0000
0 0 8dff0000
0 0 a9ff0000
0 0 c5ff0000
0 0 e1ff0000
0 0 fdff0000
0 0 83ff0000
0 0 9fff0000
0 0 bbff0000
0 0 d7ff0000
0 0 f3ff0000
0 0 79ff0000
0 0 95ff0000
0 0 b1ff0000
0 0 cdff0000
0 0 e9ff0000
0 0 6fff0000
0 0 8bff0000
0 0 a7ff0000
0 0 c3ff0000
0 0 dfff0000
0 0 fbff0000
0 0 80ff0000
0 0 9cff0000
0 0 b8ff0000
0 0 d4ff0000
0 0 f0ff0000
0 0 76ff0000
0 0 92ff0000
0 0 aeff0000
0 0 caff0000
0 0 e6ff0000
0 0 6cff0000
0 0 88ff0000
0 0 a4ff0000
0 0 c0ff0000
0 0 dcff0000
0 0 f8ff0000
0 0 7eff0000
0 0 9aff0000
0 0 b6ff0000
0 0 d2ff0000
0 0 eeff0000
0 0 74ff0000
0 0 90ff0000
0 0 acff0000
0 0 c8ff0000
0 0 e4ff0000
0 0 6aff0000
0 0 86ff0000
0 0 a2ff0000
0 0 beff0000
0 0 daff0000
0 0 f6ff0000
0 0 7cff0000
0 0 97ff0000
0 0 b3ff0000
0 0 cfff0000
0 0 ebff0000
0 0 71ff0000
0 0 8dff0000
0 0 a9ff0000
0 0 c5ff0000
0 0 e1ff0000
0 0 fdff0000
0 0 83ff0000
0 0 9fff0000
0 0 bbff0000
0 0 d7ff0000
0 0 f3ff0000
0 0 79ff0000
0 0 95ff0000
0 0 b1ff0000
0 0 cdff0000
0 0 e9ff0000
0 0 6fff0000
0 0 8bff0000
0 0 a7ff0000
0 0 c3ff0000
0 0 dfff0000
0 0 fbff0000
0 0 81ff0000
0 0 9dff0000
0 0 b9ff0000
0 0 d5ff0000
0 0 f1ff0000
0 0 77ff0000
0 0 93ff0000
0 0 aeff0000
0 0 caff0000
0 0 e6ff0000
0 0 6cff0000
0 0 88ff0000
0 0 a4ff0000
0 0 c0ff0000
0 0 dcff0000
0 0 f8ff0000
0 0 7eff0000
0 0 9aff0000
0 0 b6ff0000
0 0 d2ff0000
0 0 eeff0000
0 0 74ff0000
0 0 90ff0000
0 0 acff0000
0 0 c8ff0000
0 0 e4ff0000
0 0 6aff0000
0 0 86ff0000
0 0 a2ff0000
0 0 beff0000
0 0 daff0000
0 0 f6ff0000
0 0 7cff0000
0 0 98ff0000
0 0 b4ff0000
0 0 d0ff0000
0 0 ecff0000
0 0 72ff0000
0 0 8eff0000
0 0 a9ff0000
0 0 c5ff0000
0 0 e1ff0000
0 0 fdff0000
0 0 83ff0000
0 0 9fff0000
0 0 bbff0000
0 0 d7ff0000
0 0 f3ff0000
0 0 79ff0000
0 0 95ff0000
0 0 b1ff0000
0 0 cdff0000
0 0 e9ff0000
0 0 6fff0000
0 0 8bff0000
0 0 a7ff0000
0 0 c3ff0000
0 0 dfff0000
0 0 fbff0000
0 0 81ff0000
0 0 9dff0000
0 0 b9ff0000
0 0 d5ff0000
0 0 f1ff0000
0 0 77ff0000
0 0 93ff0000
0 0 afff0000
0 0 cbff0000
0 0 e7ff0000
0 0 6dff0000
0 0 89ff0000
0 0 a5ff0000
0 0 c0ff0000
0 0 dcff0000
0 0 f8ff0000
0 0 7eff0000
0 0 9aff0000
0 0 b6ff0000
0 0 d2ff0000
0 0 eeff0000
0 0 74ff0000
0 0 90ff0000
0 0 acff0000
0 0 c8ff0000
0 0 e4ff0000
0 0 6aff0000
0 0 86ff0000
0 0 a2ff0000
0 0 beff0000
0 0 daff0000
0 0 f6ff0000
0 0 7cff0000
0 0 98ff0000
0 0 b4ff0000
0 0 d0ff0000
0 0 ecff0000
0 0 72ff0000
0 0 8eff0000
0 0 aaff0000
0 0 c6ff0000
0 0 e2ff0000
0 0 feff0000
0 0 84ff0000
0 0 a0ff0000
0 0 bbff0000
0 0 d7ff0000
0 0 f3ff0000
0 0 79ff0000
0 0 95ff0000
0 0 b1ff0000
0 0 cdff0000
0 0 e9ff0000
0 0 6fff0000
0 0 8bff0000
0 0 a7ff0000
0 0 c3ff0000
0 0 dfff0000
0 0 fbff0000
0 0 81ff0000
0 0 9dff0000
0 0 b9ff0000
0 0 d5ff0000
0 0 f1ff0000
0 0 77ff0000
0 0 93ff0000
0 0 afff0000
0 0 cbff0000
0 0 e7ff0000
0 0 6dff0000
0 0 89ff0000
0 0 a5ff0000
0 0 c1ff0000
0 0 ddff0000
0 0 f9ff0000
0 0 7fff0000
0 0 9bff0000
0 0 b7ff0000
0 0 d2ff0000
0 0 eeff0000
0 0 74ff0000
0 0 90ff0000
0 0 acff0000
0 0 c8ff0000
0 0 e4ff0000
0 0 6aff0000
0 0 86ff0000
0 0 a2ff0000
0 0 beff0000
0 0 daff0000
0 0 f6ff0000
0 0 7cff0000
0 0 98ff0000
0 0 b4ff0000
0 0 d0ff0000
0 0 ecff0000
0 0 72ff0000
0 0 8eff0000
0 0 aaff0000
0 0 c6ff0000
0 0 e2ff0000
0 0 feff0000
0 0 84ff0000
0 0 a0ff0000
0 0 bcff0000
0 0 d8ff0000
0 0 f4ff0000
0 0 7aff0000
0 0 96ff0000
0 0 b2ff0000
0 0 cdff0000
0 0 e9ff0000
0 0 6fff0000
0 0 8bff0000
0 0 a7ff0000
0 0 c3ff0000
0 0 dfff0000
0 0 fbff0000
0 0 81ff0000
0 0 9dff0000
0 0 b9ff0000
0 0 d5ff0000
0 0 f1ff0000
0 0 77ff0000
0 0 93ff0000
0 0 afff0000
0 0 cbff0000
0 0 e7ff0000
0 0 6dff0000
0 0 89ff0000
0 0 a5ff0000
0 0 c1ff0000
0 0 ddff0000
0 0 f9ff0000
0 0 7fff0000
0 0 9bff0000
0 0 b7ff0000
0 0 d3ff0000
0 0 efff0000
0 0 75ff0000
0 0 91ff0000
0 0 adff0000
0 0 c9ff0000
0 0 e4ff0000
0 0 6aff0000
0 0 86ff0000
0 0 a2ff0000
0 0 beff0000
0 0 daff0000
0 0 f6ff0000
0 0 7cff0000
0 0 98ff0000
0 0 b4ff0000
0 0 d0ff0000
0 0 ecff0000
0 0 72ff0000
0 0 8eff0000
0 0 aaff0000
0 0 c6ff0000
0 0 e2ff0000
0 0 feff0000
0 0 84ff0000
0 0 a0ff0000
0 0 bcff0000
0 0 d8ff0000
0 0 f4ff0000
0 0 7aff0000
0 0 96ff0000
0 0 b2ff0000
0 0 ceff0000
0 0 eaff0000
0 0 70ff0000
0 0 8cff0000
0 0 a8ff0000
0 0 c4ff0000
0 0 dfff0000
0 0 fbff0000
0 0 81ff0000
0 0 9dff0000
0 0 b9ff0000
0 0 d5ff0000
0 0 f1ff0000
0 0 77ff0000
0 0 93ff0000
0 0 afff0000
0 0 cbff0000
0 0 e7ff0000
0 0 6dff0000
0 0 89ff0000
0 0 a5ff0000
0 0 c1ff0000
0 0 ddff0000
0 0 f9ff0000
0 0 7fff0000
0 0 9bff0000
0 0 b7ff0000
0 0 d3ff0000
0 0 efff0000
0 0 75ff0000
0 0 91ff0000
0 0 adff0000
0 0 c9ff0000
0 0 e5ff0000
0 0 6bff0000
0 0 87ff0000
0 0 a3ff0000
0 0 bfff0000
0 0 dbff0000
0 0 f6ff0000
0 0 7cff0000
0 0 98ff0000
0 0 b4ff0000
0 0 d0ff0000
0 0 ecff0000
0 0 72ff0000
0 0 8eff0000
0 0 aaff0000
0 0 c6ff0000
0 0 e2ff0000
0 0 feff0000
0 0 84ff0000
0 0 a0ff0000
0 0 bcff0000
0 0 d8ff0000
0 0 f4ff0000
0 0 7aff0000
0 0 96ff0000
0 0 b2ff0000
0 0 ceff0000
0 0 eaff0000
0 0 70ff0000
0 0 8cff0000
0 0 a8ff0000
0 0 c4ff0000
0 0 e0ff0000
0 0 fcff0000
0 0 82ff0000
0 0 9eff0000
0 0 baff0000
0 0 d6ff0000
0 0 f1ff0000
0 0 77ff0000
0 0 93ff0000
0 0 afff0000
0 0 cbff0000
0 0 e7ff0000
0 0 6dff0000
0 0 89ff0000
0 0 a5ff0000
0 0 c1ff0000
0 0 ddff0000
0 0 f9ff0000
0 0 7fff0000
0 0 9bff0000
0 0 b7ff0000
0 0 d3ff0000
0 0 efff0000
0 0 75ff0000
0 0 91ff0000
0 0 adff0000
0 0 c9ff0000
0 0 e5ff0000
0 0 6bff0000
0 0 87ff0000
0 0 a3ff0000
0 0 bfff0000
0 0 dbff0000
0 0 f7ff0000
0 0 7dff0000
0 0 99ff0000
0 0 b5ff0000
0 0 d1ff0000
0 0 edff0000
0 0 72ff0000
0 0 8eff0000
0 0 aaff0000
0 0 c6ff0000
0 0 e2ff0000
0 0 feff0000
0 0 84ff0000
0 0 a0ff0000
0 0 bcff0000
0 0 d8ff0000
0 0 f4ff0000
0 0 7aff0000
0 0 96ff0000
0 0 b2ff0000
0 0 ceff0000
0 0 eaff0000
0 0 70ff0000
0 0 8cff0000
0 0 a8ff0000
0 0 c4ff0000
0 0 e0ff0000
0 0 fcff0000
0 0 82ff0000
0 0 9eff0000
0 0 baff0000
0 0 d6ff0000
0 0 f2ff0000
0 0 78ff0000
0 0 94ff0000
0 0 b0ff0000
0 0 ccff0000
0 0 e8ff0000
0 0 6dff0000
0 0 89ff0000
0 0 a5ff0000
0 0 c1ff0000
0 0 ddff0000
0 0 f9ff0000
0 0 7fff0000
0 0 9bff0000
0 0 b7ff0000
0 0 d3ff0000
0 0 efff0000
0 0 75ff0000
0 0 91ff0000
0 0 adff0000
0 0 c9ff0000
0 0 e5ff0000
0 0 6bff0000
0 0 87ff0000
0 0 a3ff0000
0 0 bfff0000
0 0 dbff0000
0 0 f7ff0000
0 0 7dff0000
0 0 99ff0000
0 0 b5ff0000
0 0 d1ff0000
0 0 edff0000
0 0 73ff0000
0 0 8fff0000
0 0 abff0000
0 0 c7ff0000
0 0 e3ff0000
0 0 ffff0000
0 0 84ff0000
0 0 a0ff0000
0 0 bcff0000
0 0 d8ff0000
0 0 f4ff0000
0 0 7aff0000
0 0 96ff0000
0 0 b2ff0000
0 0 ceff0000
0 0 eaff0000
0 0 70ff0000
0 0 8cff0000
0 0 a8ff0000
0 0 c4ff0000
0 0 e0ff0000
0 0 fcff0000
0 0 82ff0000
0 0 9eff0000
0 0 baff0000
0 0 d6ff0000
0 0 f2ff0000
0 0 78ff0000
0 0 94ff0000
0 0 b0ff0000
0 0 ccff0000
0 0 e8ff0000
0 0 6eff0000
0 0 8aff0000
0 0 a6ff0000
0 0 c2ff0000
0 0 deff0000
0 0 faff0000
0 0 7fff0000
0 0 9bff0000
0 0 b7ff0000
0 0 d3ff0000
0 0 efff0000
0 0 75ff0000
0 0 91ff0000
0 0 adff0000
0 0 c9ff0000
0 0 e5ff0000
0 0 6bff0000
0 0 87ff0000
0 0 a3ff0000
0 0 bfff0000
0 0 dbff0000
0 0 f7ff0000
0 0 7dff0000
0 0 99ff0000
0 0 b5ff0000
0 0 d1ff0000
0 0 edff0000
0 0 73ff0000
0 0 8fff0000
0 0 abff0000
0 0 c7ff0000
0 0 e3ff0000
0 0 ffff0000
0 0 85ff0000
0 0 a1ff0000
0 0 bdff0000
0 0 d9ff0000
0 0 f5ff0000
0 0 7bff0000
0 0 96ff0000
0 0 b2ff0000
0 0 ceff0000
0 0 eaff0000
0 0 70ff0000
0 0 8cff0000
0 0 a8ff0000
0 0 c4ff0000
0 0 e0ff0000
0 0 fcff0000
0 0 82ff0000
0 0 9eff0000
0 0 baff0000
0 0 d6ff0000
0 0 f2ff0000
0 0 78ff0000
0 0 94ff0000
0 0 b0ff0000
0 0 ccff0000
0 0 e8ff0000
0 0 6eff0000
0 0 8aff0000
0 0 a6ff0000
0 0 c2ff0000
0 0 deff0000
0 0 faff0000
0 0 80ff0000
0 0 9cff0000
0 0 b8ff0000
0 0 d4ff0000
0 0 f0ff0000
0 0 76ff0000
0 0 92ff0000
0 0 adff0000
0 0 c9ff0000
0 0 e5ff0000
0 0 6bff0000
0 0 87ff0000
0 0 a3ff0000
0 0 bfff0000
0 0 dbff0000
0 0 f7ff0000
0 0 7dff0000
0 0 99ff0000
0 0 b5ff0000
0 0 d1ff0000
0 0 edff0000
0 0 73ff0000
0 0 8fff0000
0 0 abff0000
0 0 c7ff0000
0 0 e3ff0000
0 0 ffff0000
0 0 85ff0000
0 0 a1ff0000
0 0 bdff0000
0 0 d9ff0000
0 0 f5ff0000
0 0 7bff0000
0 0 97ff0000
0 0 b3ff0000
0 0 cfff0000
0 0 ebff0000
0 0 71ff0000
0 0 8dff0000
0 0 a8ff0000
0 0 c4ff0000
0 0 e0ff0000
0 0 fcff0000
0 0 82ff0000
0 0 9eff0000
0 0 baff0000
0 0 d6ff0000
0 0 f2ff0000
0 0 78ff0000
0 0 94ff0000
0 0 b0ff0000
0 0 ccff0000
0 0 e8ff0000
0 0 6eff0000
0 0 8aff0000
0 0 a6ff0000
0 0 c2ff0000
0 0 deff0000
0 0 faff0000
0 0 80ff0000
0 0 9cff0000
0 0 b8ff0000
0 0 d4ff0000
0 0 f0ff0000
0 0 76ff0000
0 0 92ff0000
0 0 aeff0000
0 0 caff0000
0 0 e6ff0000
0 0 6cff0000
0 0 88ff0000
0 0 a4ff0000
0 0 bfff0000
0 0 dbff0000
0 0 f7ff0000
0 0 7dff0000
0 0 99ff0000
0 0 b5ff0000
0 0 d1ff0000
0 0 edff0000
0 0 73ff0000
0 0 8fff0000
0 0 abff0000
0 0 c7ff0000
0 0 e3ff0000
0 0 ffff0000
0 0 85ff0000
0 0 a1ff0000
0 0 bdff0000
0 0 d9ff0000
0 0 f5ff0000
0 0 7bff0000
0 0 97ff0000
0 0 b3ff0000
0 0 cfff0000
0 0 ebff0000
0 0 71ff0000
0 0 8dff0000
0 0 a9ff0000
0 0 c5ff0000
0 0 e1ff0000
0 0 fdff0000
0 0 83ff0000
0 0 9fff0000
0 0 baff0000
0 0 d6ff0000
0 0 f2ff0000
0 0 78ff0000
0 0 94ff0000
0 0 b0ff0000
0 0 ccff0000
0 0 e8ff0000
0 0 6eff0000
0 0 8aff0000
0 0 a6ff0000
0 0 c2ff0000
0 0 deff0000
0 0 faff0000
0 0 80ff0000
0 0 9cff0000
0 0 b8ff0000
0 0 d4ff0000
0 0 f0ff0000
0 0 76ff0000
0 0 92ff0000
0 0 aeff0000
0 0 caff0000
0 0 e6ff0000
0 0 6cff0000
0 0 88ff0000
0 0 a4ff0000
0 0 c0ff0000
0 0 dcff0000
0 0 f8ff0000
0 0 7eff0000
0 0 9aff0000
0 0 b6ff0000
0 0 d1ff0000
0 0 edff0000
0 0 73ff0000
0 0 8fff0000
0 0 abff0000
0 0 c7ff0000
0 0 e3ff0000
0 0 ffff0000
0 0 85ff0000
0 0 a1ff0000
0 0 bdff0000
0 0 d9ff0000
0 0 f5ff0000
0 0 7bff0000
0 0 97ff0000
0 0 b3ff0000
0 0 cfff0000
0 0 ebff0000
0 0 71ff0000
0 0 8dff0000
0 0 a9ff0000
0 0 c5ff0000
0 0 e1ff0000
0 0 fdff0000
0 0 83ff0000
0 0 9fff0000
0 0 bbff0000
0 0 d7ff0000
0 0 f3ff0000
0 0 79ff0000
0 0 95ff0000
0 0 b1ff0000
0 0 ccff0000
0 0 e8ff0000
0 0 6eff0000
0 0 8aff0000
0 0 a6ff0000
0 0 c2ff0000
0 0 deff0000
0 0 faff0000
0 0 80ff0000
0 0 9cff0000
0 0 b8ff0000
0 0 d4ff0000
0 0 f0ff0000
0 0 76ff0000
0 0 92ff0000
0 0 aeff0000
0 0 caff0000
0 0 e6ff0000
0 0 6cff0000
0 0 88ff0000
0 0 a4ff0000
0 0 c0ff0000
0 0 dcff0000
0 0 f8ff0000
0 0 7eff0000
0 0 9aff0000
0 0 b6ff0000
0 0 d2ff0000
0 0 eeff0000
0 0 74ff0000
0 0 90ff0000
0 0 acff0000
0 0 c8ff0000
0 0 e3ff0000
0 0 ffff0000
0 0 85ff0000
0 0 a1ff0000
0 0 bdff0000
0 0 d9ff0000
0 0 f5ff0000
0 0 7bff0000
0 0 97ff0000
0 0 b3ff0000
0 0 cfff0000
0 0 ebff0000
0 0 71ff0000
0 0 8dff0000
0 0 a9ff0000
0 0 c5ff0000
0 0 e1ff0000
0 0 fdff0000
0 0 83ff0000
0 0 9fff0000
0 0 bbff0000
0 0 d7ff0000
0 0 f3ff0000
0 0 79ff0000
0 0 95ff0000
0 0 b1ff0000
0 0 cdff0000
0 0 e9ff0000
0 0 6fff0000
0 0 8bff0000
0 0 a7ff0000
0 0 c3ff0000
0 0 deff0000
0 0 faff0000
0 0 80ff0000
0 0 9cff0000
0 0 b8ff0000
0 0 d4ff0000
0 0 f0ff0000
0 0 76ff0000
0 0 92ff0000
0 0 aeff0000
0 0 caff0000
0 0 e6ff0000
0 0 6cff0000
0 0 88ff0000
0 0 a4ff0000
0 0 c0ff0000
0 0 dcff0000
0 0 f8ff0000
0 0 7eff0000
0 0 9aff0000
0 0 b6ff0000
0 0 d2ff0000
0 0 eeff0000
0 0 74ff0000
0 0 90ff0000
0 0 acff0000
0 0 c8ff0000
0 0 e4ff0000
0 0 6aff0000
0 0 86ff0000
0 0 a2ff0000
0 0 beff0000
0 0 daff0000
0 0 f5ff0000
0 0 7bff0000
0 0 97ff0000
0 0 b3ff0000
0 0 cfff0000
0 0 ebff0000
0 0 71ff0000
0 0 8dff0000
0 0 a9ff0000
0 0 c5ff0000
0 0 e1ff0000
0 0 fdff0000
0 0 83ff0000
0 0 9fff0000
0 0 bbff0000
0 0 d7ff0000
0 0 f3ff0000
0 0 79ff0000
0 0 95ff0000
0 0 b1ff0000
0 0 cdff0000
0 0 e9ff0000
0 0 6fff0000
0 0 8bff0000
0 0 a7ff0000
0 0 c3ff0000
0 0 dfff0000
0 0 fbff0000
0 0 81ff0000
0 0 9dff0000
0 0 b9ff0000
0 0 d5ff0000
0 0 f0ff0000
0 0 76ff0000
0 0 92ff0000
0 0 aeff0000
0 0 caff0000
0 0 e6ff0000
0 0 6cff0000
0 0 88ff0000
0 0 a4ff0000
0 0 c0ff0000
0 0 dcff0000
0 0 f8ff0000
0 0 7eff0000
0 0 9aff0000
0 0 b6ff0000
0 0 d2ff0000
0 0 eeff0000
0 0 74ff0000
0 0 90ff0000
0 0 acff0000
0 0 c8ff0000
0 0 e4ff0000
0 0 6aff0000
0 0 86ff0000
0 0 a2ff0000
0 0 beff0000
0 0 daff0000
0 0 f6ff0000
0 0 7cff0000
0 0 98ff0000
0 0 b4ff0000
0 0 d0ff0000
0 0 ecff0000
0 0 71ff0000
0 0 8dff0000
0 0 a9ff0000
0 0 c5ff0000
0 0 e1ff0000
0 0 fdff0000
0 0 83ff0000
0 0 9fff0000
0 0 bbff0000
0 0 d7ff0000
0 0 f3ff0000
0 0 79ff0000
0 0 95ff0000
0 0 b1ff0000
0 0 cdff0000
0 0 e9ff0000
0 0 6fff0000
0 0 8bff0000
0 0 a7ff0000
0 0 c3ff0000
0 0 dfff0000
0 0 fbff0000
0 0 81ff0000
0 0 9dff0000
0 0 b9ff0000
0 0 d5ff0000
0 0 f1ff0000
0 0 77ff0000
0 0 93ff0000
0 0 afff0000
0 0 cbff0000
0 0 e7ff0000
0 0 6cff0000
0 0 88ff0000
0 0 a4ff0000
0 0 c0ff0000
0 0 dcff0000
0 0 f8ff0000
0 0 7eff0000
0 0 9aff0000
0 0 b6ff0000
0 0 d2ff0000
0 0 eeff0000
0 0 74ff0000
0 0 90ff0000
0 0 acff0000
0 0 c8ff0000
0 0 e4ff0000
0 0 6aff0000
0 0 86ff0000
0 0 a2ff0000
0 0 beff0000
0 0 daff0000
0 0 f6ff0000
0 0 7cff0000
0 0 98ff0000
0 0 b4ff0000
0 0 d0ff0000
0 0 ecff0000
0 0 72ff0000
0 0 8eff0000
0 0 aaff0000
0 0 c6ff0000
0 0 e2ff0000
0 0 feff0000
0 0 83ff0000
0 0 9fff0000
0 0 bbff0000
0 0 d7ff0000
0 0 f3ff0000
0 0 79ff0000
0 0 95ff0000
0 0 b1ff0000
0 0 cdff0000
0 0 e9ff0000
0 0 6fff0000
0 0 8bff0000
0 0 a7ff0000
0 0 c3ff0000
0 0 dfff0000
0 0 fbff0000
0 0 81ff0000
0 0 9dff0000
0 0 b9ff0000
0 0 d5ff0000
0 0 f1ff0000
0 0 77ff0000
0 0 93ff0000
0 0 afff0000
0 0 cbff0000
0 0 e7ff0000
0 0 6dff0000
0 0 89ff0000
0 0 a5ff0000
0 0 c1ff0000
0 0 ddff0000
0 0 f9ff0000
0 0 7eff0000
0 0 9aff0000
0 0 b6ff0000
0 0 d2ff0000
0 0 eeff0000
0 0 74ff0000
0 0 90ff0000
0 0 acff0000
0 0 c8ff0000
0 0 e4ff0000
0 0 6aff0000
0 0 86ff0000
0 0 a2ff0000
0 0 beff0000
0 0 daff0000
0 0 f6ff0000
0 0 7cff0000
0 0 98ff0000
0 0 b4ff0000
0 0 d0ff0000
0 0 ecff0000
0 0 72ff0000
0 0 8eff0000
0 0 aaff0000
0 0 c6ff0000
0 0 e2ff0000
0 0 feff0000
0 0 84ff0000
0 0 a0ff0000
0 0 bcff0000
0 0 d8ff0000
0 0 f4ff0000
0 0 7aff0000
0 0 95ff0000
0 0 b1ff0000
0 0 cdff0000
0 0 e9ff0000
0 0 6fff0000
0 0 8bff0000
0 0 a7ff0000
0 0 c3ff0000
0 0 dfff0000
0 0 fbff0000
0 0 81ff0000
0 0 9dff0000
0 0 b9ff0000
0 0 d5ff0000
0 0 f1ff0000
0 0 77ff0000
0 0 93ff0000
0 0 afff0000
0 0 cbff0000
0 0 e7ff0000
0 0 6dff0000
0 0 89ff0000
0 0 a5ff0000
0 0 c1ff0000
0 0 ddff0000
0 0 f9ff0000
0 0 7fff0000
0 0 9bff0000
0 0 b7ff0000
0 0 d3ff0000
0 0 efff0000
0 0 75ff0000
0 0 91ff0000
0 0 acff0000
0 0 c8ff0000
0 0 e4ff0000
0 0 6aff0000
0 0 86ff0000
0 0 a2ff0000
0 0 beff0000
0 0 daff0000
0 0 f6ff0000
0 0 7cff0000
0 0 98ff0000
0 0 b4ff0000
0 0 d0ff0000
0 0 ecff0000
0 0 72ff0000
0 0 8eff0000
0 0 aaff0000
0 0 c6ff0000
0 0 e2ff0000
0 0 feff0000
0 0 84ff0000
0 0 a0ff0000
0 0 bcff0000
0 0 d8ff0000
0 0 f4ff0000
0 0 7aff0000
0 0 96ff0000
0 0 b2ff0000
0 0 ceff0000
0 0 eaff0000
0 0 70ff0000
0 0 8cff0000
0 0 a7ff0000
0 0 c3ff0000
0 0 dfff0000
0 0 fbff0000
0 0 81ff0000
0 0 9dff0000
0 0 b9ff0000
0 0 d5ff0000
0 0 f1ff0000
0 0 77ff0000
0 0 93ff0000
0 0 afff0000
0 0 cbff0000
0 0 e7ff0000
0 0 6dff0000
0 0 89ff0000
0 0 a5ff0000
0 0 c1ff0000
0 0 ddff0000
0 0 f9ff0000
0 0 7fff0000
0 0 9bff0000
0 0 b7ff0000
0 0 d3ff0000
0 0 efff0000
0 0 75ff0000
0 0 91ff0000
0 0 adff0000
0 0 c9ff0000
0 0 e5ff0000
0 0 6bff0000
0 0 87ff0000
0 0 a3ff0000
0 0 beff0000
0 0 daff0000
0 0 f6ff0000
0 0 7cff0000
0 0 98ff0000
0 0 b4ff0000
0 0 d0ff0000
0 0 ecff0000
0 0 72ff0000
0 0 8eff0000
0 0 aaff0000
0 0 c6ff0000
0 0 e2ff0000
0 0 feff0000
0 0 84ff0000
0 0 a0ff0000
0 0 bcff0000
0 0 d8ff0000
0 0 f4ff0000
0 0 7aff0000
0 0 96ff0000
0 0 b2ff0000
0 0 ceff0000
0 0 eaff0000
0 0 70ff0000
0 0 8cff0000
0 0 a8ff0000
0 0 c4ff0000
0 0 e0ff0000
0 0 fcff0000
0 0 82ff0000
0 0 9eff0000
0 0 b9ff0000
0 0 d5ff0000
0 0 f1ff0000
0 0 77ff0000
0 0 93ff0000
0 0 afff0000
0 0 cbff0000
0 0 e7ff0000
0 0 6dff0000
0 0 89ff0000
0 0 a5ff0000
0 0 c1ff0000
0 0 ddff0000
0 0 f9ff0000
0 0 7fff0000
0 0 9bff0000
0 0 b7ff0000
0 0 d3ff0000
0 0 efff0000
0 0 75ff0000
0 0 91ff0000
0 0 adff0000
0 0 c9ff0000
0 0 e5ff0000
0 0 6bff0000
0 0 87ff0000
0 0 a3ff0000
0 0 bfff0000
0 0 dbff0000
0 0 f7ff0000
0 0 7dff0000
0 0 99ff0000
0 0 b5ff0000
0 0 d0ff0000
0 0 ecff0000
0 0 72ff0000
0 0 8eff0000
0 0 aaff0000
0 0 c6ff0000
0 0 e2ff0000
0 0 feff0000
0 0 84ff0000
0 0 a0ff0000
0 0 bcff0000
0 0 d8ff0000
0 0 f4ff0000
0 0 7aff0000
0 0 96ff0000
0 0 b2ff0000
0 0 ceff0000
0 0 eaff0000
0 0 70ff0000
0 0 8cff0000
0 0 a8ff0000
0 0 c4ff0000
0 0 e0ff0000
0 0 fcff0000
0 0 82ff0000
0 0 9eff0000
0 0 baff0000
0 0 d6ff0000
0 0 f2ff0000
0 0 78ff0000
0 0 94ff0000
0 0 b0ff0000
0 0 cbff0000
0 0 e7ff0000
0 0 6dff0000
0 0 89ff0000
0 0 a5ff0000
0 0 c1ff0000
0 0 ddff0000
0 0 f9ff0000
0 0 7fff0000
0 0 9bff0000
0 0 b7ff0000
0 0 d3ff0000
0 0 efff0000
0 0 75ff0000
0 0 91ff0000
0 0 adff0000
0 0 c9ff0000
0 0 e5ff0000
0 0 6bff0000
0 0 87ff0000
0 0 a3ff0000
0 0 bfff0000
0 0 dbff0000
0 0 f7ff0000
0 0 7dff0000
0 0 99ff0000
0 0 b5ff0000
0 0 d1ff0000
0 0 edff0000
0 0 73ff0000
0 0 8fff0000
0 0 abff0000
0 0 c7ff0000
0 0 e2ff0000
0 0 feff0000
0 0 84ff0000
0 0 a0ff0000
0 0 bcff0000
0 0 d8ff0000
0 0 f4ff0000
0 0 7aff0000
0 0 96ff0000
0 0 b2ff0000
0 0 ceff0000
0 0 eaff0000
0 0 70ff0000
0 0 8cff0000
0 0 a8ff0000
0 0 c4ff0000
0 0 e0ff0000
0 0 fcff0000
0 0 82ff0000
0 0 9eff0000
0 0 baff0000
0 0 d6ff0000
0 0 f2ff0000
0 0 78ff0000
0 0 94ff0000
0 0 b0ff0000
0 0 ccff0000
0 0 e8ff0000
0 0 6eff0000
0 0 8aff0000
0 0 a6ff0000
0 0 c2ff0000
0 0 ddff0000
0 0 f9ff0000
0 0 7fff0000
0 0 9bff0000
0 0 b7ff0000
0 0 d3ff0000
0 0 efff0000
0 0 75ff0000
0 0 91ff0000
0 0 adff0000
0 0 c9ff0000
0 0 e5ff0000
0 0 6bff0000
0 0 87ff0000
0 0 a3ff0000
0 0 bfff0000
0 0 dbff0000
0 0 f7ff0000
0 0 7dff0000
0 0 99ff0000
0 0 b5ff0000
0 0 d1ff0000
0 0 edff0000
0 0 73ff0000
0 0 8fff0000
0 0 abff0000
0 0 c7ff0000
0 0 e3ff0000
0 0 ffff0000
0 0 85ff0000
0 0 a1ff0000
0 0 bdff0000
0 0 d9ff0000
0 0 f4ff0000
0 0 7aff0000
0 0 96ff0000
0 0 b2ff0000
0 0 ceff0000
0 0 eaff0000
0 0 70ff0000
0 0 8cff0000
0 0 a8ff0000
0 0 c4ff0000
0 0 e0ff0000
0 0 fcff0000
0 0 82ff0000
0 0 9eff0000
0 0 baff0000
0 0 d6ff0000
0 0 f2ff0000
0 0 78ff0000
0 0 94ff0000
0 0 b0ff0000
0 0 ccff0000
0 0 e8ff0000
0 0 6eff0000
0 0 8aff0000
0 0 a6ff0000
0 0 c2ff0000
0 0 deff0000
0 0 faff0000
0 0 80ff0000
0 0 9cff0000
0 0 b8ff0000
0 0 d4ff0000
0 0 efff0000
0 0 75ff0000
0 0 91ff0000
0 0 adff0000
0 0 c9ff0000
0 0 e5ff0000
0 0 6bff0000
0 0 87ff0000
0 0 a3ff0000
0 0 bfff0000
0 0 dbff0000
0 0 f7ff0000
0 0 7dff0000
0 0 99ff0000
0 0 b5ff0000
0 0 d1ff0000
0 0 edff0000
0 0 73ff0000
0 0 8fff0000
0 0 abff0000
0 0 c7ff0000
0 0 e3ff0000
0 0 ffff0000
0 0 85ff0000
0 0 a1ff0000
0 0 bdff0000
0 0 d9ff0000
0 0 f5ff0000
0 0 7bff0000
0 0 97ff0000
0 0 b3ff0000
0 0 cfff0000
0 0 ebff0000
0 0 70ff0000
0 0 8cff0000
0 0 a8ff0000
0 0 c4ff0000
0 0 e0ff0000
0 0 fcff0000
0 0 82ff0000
0 0 9eff0000
0 0 baff0000
0 0 d6ff0000
0 0 f2ff0000
0 0 78ff0000
0 0 94ff0000
0 0 b0ff0000
0 0 ccff0000
0 0 e8ff0000
0 0 6eff0000
0 0 8aff0000
0 0 a6ff0000
0 0 c2ff0000
0 0 deff0000
0 0 faff0000
0 0 80ff0000
0 0 9cff0000
0 0 b8ff0000
0 0 d4ff0000
0 0 f0ff0000
0 0 76ff0000
0 0 92ff0000
0 0 aeff0000
0 0 caff0000
0 0 e6ff0000
0 0 6bff0000
0 0 87ff0000
0 0 a3ff0000
0 0 bfff0000
0 0 dbff0000
0 0 f7ff0000
0 0 7dff0000
0 0 99ff0000
0 0 b5ff0000
0 0 d1ff0000
0 0 edff0000
0 0 73ff0000
0 0 8fff0000
0 0 abff0000
0 0 c7ff0000
0 0 e3ff0000
0 0 ffff0000
0 0 85ff0000
0 0 a1ff0000
0 0 bdff0000
0 0 d9ff0000
0 0 f5ff0000
0 0 7bff0000
0 0 97ff0000
0 0 b3ff0000
0 0 cfff0000
0 0 ebff0000
0 0 71ff0000
0 0 8dff0000
0 0 a9ff0000
0 0 c5ff0000
0 0 e1ff0000
0 0 fdff0000
0 0 82ff0000
0 0 9eff0000
0 0 baff0000
0 0 d6ff0000
0 0 f2ff0000
0 0 78ff0000
0 0 94ff0000
0 0 b0ff0000
0 0 ccff0000
0 0 e8ff0000
0 0 6eff0000
0 0 8aff0000
0 0 a6ff0000
0 0 c2ff0000
0 0 deff0000
0 0 faff0000
0 0 80ff0000
0 0 9cff0000
0 0 b8ff0000
0 0 d4ff0000
0 0 f0ff0000
0 0 76ff0000
0 0 92ff0000
0 0 aeff0000
0 0 caff0000
0 0 e6ff0000
0 0 6cff0000
0 0 88ff0000
0 0 a4ff0000
0 0 c0ff0000
0 0 dcff0000
0 0 f8ff0000
0 0 7dff0000
0 0 99ff0000
0 0 b5ff0000
0 0 d1ff0000
0 0 edff0000
0 0 73ff0000
0 0 8fff0000
0 0 abff0000
0 0 c7ff0000
0 0 e3ff0000
0 0 ffff0000
0 0 85ff0000
0 0 a1ff0000
0 0 bdff0000
0 0 d9ff0000
0 0 f5ff0000
0 0 7bff0000
0 0 97ff0000
0 0 b3ff0000
0 0 cfff0000
0 0 ebff0000
0 0 71ff0000
0 0 8dff0000
0 0 a9ff0000
0 0 c5ff0000
0 0 e1ff0000
0 0 fdff0000
0 0 83ff0000
0 0 9fff0000
0 0 bbff0000
0 0 d7ff0000
0 0 f3ff0000
0 0 79ff0000
0 0 94ff0000
0 0 b0ff0000
0 0 ccff0000
0 0 e8ff0000
0 0 6eff0000
0 0 8aff0000
0 0 a6ff0000
0 0 c2ff0000
0 0 deff0000
0 0 faff0000
0 0 80ff0000
0 0 9cff0000
0 0 b8ff0000
0 0 d4ff0000
0 0 f0ff0000
0 0 76ff0000
0 0 92ff0000
0 0 aeff0000
0 0 caff0000
0 0 e6ff0000
0 0 6cff0000
0 0 88ff0000
0 0 a4ff0000
0 0 c0ff0000
0 0 dcff0000
0 0 f8ff0000
0 0 7eff0000
0 0 9aff0000
0 0 b6ff0000
0 0 d2ff0000
0 0 eeff0000
0 0 74ff0000
0 0 90ff0000
0 0 abff0000
0 0 c7ff0000
0 0 e3ff0000
0 0 ffff0000
0 0 85ff0000
0 0 a1ff0000
0 0 bdff0000
0 0 d9ff0000
0 0 f5ff0000
0 0 7bff0000
0 0 97ff0000
0 0 b3ff0000
0 0 cfff0000
0 0 ebff0000
0 0 71ff0000
0 0 8dff0000
0 0 a9ff0000
0 0 c5ff0000
0 0 e1ff0000
0 0 fdff0000
0 0 83ff0000
0 0 9fff0000
0 0 bbff0000
0 0 d7ff0000
0 0 f3ff0000
0 0 79ff0000
0 0 95ff0000
0 0 b1ff0000
0 0 cdff0000
0 0 e9ff0000
0 0 6fff0000
0 0 8bff0000
0 0 a6ff0000
0 0 c2ff0000
0 0 deff0000
0 0 faff0000
0 0 80ff0000
0 0 9cff0000
0 0 b8ff0000
0 0 d4ff0000
0 0 f0ff0000
0 0 76ff0000
0 0 92ff0000
0 0 aeff0000
0 0 caff0000
0 0 e6ff0000
0 0 6cff0000
0 0 88ff0000
0 0 a4ff0000
0 0 c0ff0000
0 0 dcff0000
0 0 f8ff0000
0 0 7eff0000
0 0 9aff0000
0 0 b6ff0000
0 0 d2ff0000
0 0 eeff0000
0 0 74ff0000
0 0 90ff0000
0 0 acff0000
0 0 c8ff0000
0 0 e4ff0000
0 0 6aff0000
0 0 86ff0000
0 0 a2ff0000
0 0 bdff0000
0 0 d9ff0000
0 0 f5ff0000
0 0 7bff0000
0 0 97ff0000
0 0 b3ff0000
0 0 cfff0000
0 0 ebff0000
0 0 71ff0000
0 0 8dff0000
0 0 a9ff0000
0 0 c5ff0000
0 0 e1ff0000
0 0 fdff0000
0 0 83ff0000
0 0 9fff0000
0 0 bbff0000
0 0 d7ff0000
0 0 f3ff0000
0 0 79ff0000
0 0 95ff0000
0 0 b1ff0000
0 0 cdff0000
0 0 e9ff0000
0 0 6fff0000
0 0 8bff0000
0 0 a7ff0000
0 0 c3ff0000
0 0 dfff0000
0 0 fbff0000
0 0 81ff0000
0 0 9dff0000
0 0 b8ff0000
0 0 d4ff0000
0 0 f0ff0000
0 0 76ff0000
0 0 92ff0000
0 0 aeff0000
0 0 caff0000
0 0 e6ff0000
0 0 6cff0000
0 0 88ff0000
0 0 a4ff0000
0 0 c0ff0000
0 0 dcff0000
0 0 f8ff0000
0 0 7eff0000
0 0 9aff0000
0 0 b6ff0000
0 0 d2ff0000
0 0 eeff0000
0 0 74ff0000
0 0 90ff0000
0 0 acff0000
0 0 c8ff0000
0 0 e4ff0000
0 0 6aff0000
0 0 86ff0000
0 0 a2ff0000
0 0 beff0000
0 0 daff0000
0 0 f6ff0000
0 0 7cff0000
0 0 98ff0000
0 0 b4ff0000
0 0 cfff0000
0 0 ebff0000
0 0 71ff0000
0 0 8dff0000
0 0 a9ff0000
0 0 c5ff0000
0 0 e1ff0000
0 0 fdff0000
0 0 83ff0000
0 0 9fff0000
0 0 bbff0000
0 0 d7ff0000
0 0 f3ff0000
0 0 79ff0000
0 0 95ff0000
0 0 b1ff0000
0 0 cdff0000
0 0 e9ff0000
0 0 6fff0000
0 0 8bff0000
0 0 a7ff0000
0 0 c3ff0000
0 0 dfff0000
0 0 fbff0000
0 0 81ff0000
0 0 9dff0000
0 0 b9ff0000
0 0 d5ff0000
0 0 f1ff0000
0 0 77ff0000
0 0 93ff0000
0 0 afff0000
0 0 caff0000
0 0 e6ff0000
0 0 6cff0000
0 0 88ff0000
0 0 a4ff0000
0 0 c0ff0000
0 0 dcff0000
0 0 f8ff0000
0 0 7eff0000
0 0 9aff0000
0 0 b6ff0000
0 0 d2ff0000
0 0 eeff0000
0 0 74ff0000
0 0 90ff0000
0 0 acff0000
0 0 c8ff0000
0 0 e4ff0000
0 0 6aff0000
0 0 86ff0000
0 0 a2ff0000
0 0 beff0000
0 0 daff0000
0 0 f6ff0000
0 0 7cff0000
0 0 98ff0000
0 0 b4ff0000
0 0 d0ff0000
0 0 ecff0000
0 0 72ff0000
